001000000 000000000001001111001100100100001000
001000100 000000000001001111001100100100001000
001001000 000000000001010111001100100100001000
001001100 000000000001000011001100100100001000
001010000 000000000001000111001100100100001000
001010100 000000000001000111001100100100001000
010011000 000000000001011011001100100100001000
001011100 000000000001011111001100100100001000
001100000 000000000001011111001100100100001000
000100000 000000000001001111010100101000001000
000100000 001100000000001111010100001010100001
000100001 001100000000001111010100001010100001
