0000000 000000000000000000000000000000001000
1000000 000000000001001111001100100100001000
1000100 000000000001010011001100100100001000
1001000 000000000001010111001100100100001000
1001100 000000000001000011001100100100001000
1010000 000000000001000111001100100100001000
1010100 000000000001000111001100100100001000
0011000 000000000001011011001100100100001000
1011100 000000000001011111001100100100001000
1100000 000000000001011111001100100100001000
0100000 000000000001001111011100101000001000
0100100 001100000001001111011100001000100001
0100101 000000100001001110000000100000001000
